latitude=11.835279
longitude=75.426167
